#prefix,addresses,ent9,ent10,ent11,ent12,ent13,ent14,ent15,ent16,ent17,ent18,ent19,ent20,ent21,ent22,ent23,ent24,ent25,ent26,ent27,ent28,ent29,ent30,ent31,ent32
20010428,168,0.121,0.121,0.000,0.125,0.000,0.581,0.507,0.983,0.013,0.000,0.000,0.000,0.000,0.000,0.000,0.000,0.117,0.123,0.106,0.130,0.536,0.894,0.817,0.836
20010470,250,0.595,0.637,0.766,0.947,0.185,0.841,0.869,0.924,0.395,0.410,0.508,0.490,0.514,0.509,0.295,0.286,0.304,0.324,0.566,0.555,0.588,0.647,0.696,0.779
20010500,140,0.088,0.184,0.768,0.806,0.123,0.027,0.183,0.399,0.000,0.015,0.138,0.123,0.015,0.015,0.015,0.015,0.046,0.031,0.046,0.073,0.015,0.106,0.562,0.711
2001067c,163,0.392,0.827,0.914,0.523,0.404,0.508,0.461,0.734,0.246,0.310,0.354,0.343,0.335,0.353,0.224,0.233,0.237,0.302,0.435,0.417,0.400,0.553,0.878,0.931
200108d8,191,0.221,0.086,0.308,0.506,0.585,0.246,0.595,0.614,0.434,0.461,0.459,0.459,0.568,0.561,0.619,0.425,0.592,0.603,0.728,0.707,0.473,0.518,0.790,0.852
20010da8,285,0.780,0.376,0.290,0.735,0.722,0.751,0.702,0.846,0.882,0.800,0.890,0.950,0.903,0.912,0.894,0.900,0.884,0.873,0.917,0.929,0.940,0.971,0.984,0.992
20010ee0,646,0.000,0.000,0.000,0.706,0.000,0.000,0.094,0.975,0.000,0.000,0.000,0.000,0.000,0.000,0.000,0.000,0.000,0.000,0.000,0.000,0.000,0.000,0.241,0.741
20010fb0,295,0.000,0.000,0.000,0.143,0.000,0.000,0.339,0.983,0.000,0.000,0.000,0.000,0.000,0.000,0.000,0.000,0.000,0.000,0.000,0.000,0.000,0.000,0.250,0.750
200112e0,154,0.000,0.000,0.000,0.043,0.000,0.000,0.168,0.914,0.000,0.000,0.000,0.000,0.000,0.000,0.000,0.000,0.000,0.000,0.000,0.000,0.000,0.000,0.343,0.943
200116a0,191,0.000,0.203,0.000,0.000,0.000,0.000,0.104,0.971,0.000,0.000,0.000,0.000,0.000,0.000,0.000,0.000,0.000,0.000,0.000,0.000,0.000,0.000,0.250,0.750
20011af8,111,0.019,0.262,0.275,0.000,0.258,0.098,0.671,0.542,0.690,0.663,0.220,0.553,0.037,0.037,0.033,0.033,0.033,0.033,0.019,0.019,0.056,0.056,0.211,0.477
200141d0,1966,0.024,0.070,0.054,0.585,0.950,0.990,0.980,0.996,0.011,0.022,0.029,0.038,0.010,0.020,0.039,0.035,0.013,0.029,0.036,0.046,0.045,0.095,0.126,0.254
2001b032,133,0.728,0.386,0.016,0.387,0.000,0.000,0.000,0.317,0.000,0.016,0.016,0.000,0.000,0.000,0.016,0.016,0.000,0.000,0.016,0.016,0.000,0.016,0.264,0.760
2400cb00,14698,0.017,0.002,0.023,0.053,0.017,0.000,0.017,0.017,0.000,0.001,0.000,0.000,0.000,0.000,0.000,0.000,0.047,0.055,0.056,0.743,0.938,1.000,0.997,0.999
24020800,233,0.000,0.249,0.000,0.073,0.000,0.073,0.214,0.973,0.073,0.073,0.073,0.073,0.073,0.000,0.000,0.073,0.025,0.025,0.025,0.025,0.028,0.038,0.329,0.789
24036200,102,0.020,0.020,0.020,0.020,0.000,0.000,0.562,0.807,0.000,0.000,0.000,0.000,0.000,0.000,0.000,0.000,0.000,0.000,0.000,0.000,0.000,0.000,0.250,0.750
24046800,2090,0.000,0.000,0.056,0.853,0.000,0.379,0.181,0.970,0.000,0.000,0.000,0.000,0.000,0.000,0.000,0.000,0.000,0.000,0.000,0.000,0.250,0.008,0.452,0.970
24050200,503,0.000,0.000,0.242,0.882,0.300,0.197,0.453,0.535,0.000,0.000,0.000,0.000,0.000,0.000,0.000,0.000,0.000,0.000,0.000,0.000,0.000,0.000,0.249,0.748
24054800,227,0.000,0.000,0.000,0.010,0.000,0.000,0.499,0.933,0.010,0.010,0.010,0.010,0.010,0.000,0.000,0.010,0.000,0.000,0.000,0.000,0.000,0.000,0.259,0.756
2406da00,137,0.000,0.000,0.000,0.000,0.000,0.000,0.000,0.000,0.000,0.000,0.000,0.000,0.000,0.000,0.000,0.000,0.509,0.654,0.694,0.885,0.939,0.982,0.980,0.991
24088000,104,0.479,0.414,0.449,0.230,0.186,0.599,0.810,0.795,0.000,0.000,0.000,0.000,0.000,0.000,0.000,0.000,0.000,0.000,0.000,0.000,0.000,0.093,0.039,0.441
26000387,422,0.000,0.000,0.000,0.668,0.000,0.345,0.220,0.558,0.000,0.000,0.000,0.000,0.000,0.000,0.000,0.000,0.000,0.000,0.000,0.000,0.000,0.000,0.854,0.975
26001406,230,0.201,0.032,0.487,0.723,0.083,0.541,0.470,0.902,0.083,0.000,0.083,0.114,0.121,0.091,0.116,0.118,0.230,0.251,0.260,0.255,0.603,0.864,0.849,0.802
2600140b,115,0.072,0.000,0.248,0.477,0.127,0.375,0.481,0.678,0.127,0.127,0.127,0.210,0.108,0.108,0.054,0.054,0.495,0.364,0.456,0.503,0.736,0.834,0.907,0.874
26001417,2031,0.236,0.000,0.313,0.577,0.015,0.445,0.497,0.957,0.015,0.015,0.000,0.020,0.018,0.018,0.013,0.018,0.218,0.181,0.185,0.225,0.621,0.959,0.954,0.954
26009000,3004,0.241,0.307,0.669,0.919,0.999,0.929,0.000,0.000,0.000,0.000,0.212,0.778,0.739,0.756,0.769,0.759,0.760,0.783,0.449,0.091,0.315,0.320,0.458,0.000
2604a880,109,0.000,0.416,0.103,0.416,0.033,0.000,0.460,0.150,0.000,0.000,0.000,0.000,0.000,0.000,0.000,0.000,0.338,0.847,0.953,0.950,0.980,0.000,0.000,0.000
26075300,250,0.000,0.197,0.199,0.179,0.651,0.963,0.963,0.974,0.071,0.050,0.065,0.102,0.036,0.038,0.056,0.078,0.026,0.038,0.073,0.087,0.076,0.193,0.185,0.465
2607f8b0,2913,0.000,0.000,0.209,0.959,0.000,0.363,0.476,0.983,0.000,0.000,0.000,0.000,0.000,0.000,0.000,0.000,0.000,0.000,0.000,0.000,0.192,0.046,0.426,0.922
2620011a,275,0.009,0.000,0.317,0.768,0.000,0.009,0.000,0.399,0.000,0.000,0.000,0.000,0.000,0.000,0.000,0.000,0.000,0.000,0.000,0.000,0.000,0.000,0.284,0.995
280003f0,168,0.000,0.000,0.000,0.510,0.000,0.190,0.200,0.957,0.000,0.000,0.000,0.000,0.000,0.000,0.000,0.000,0.000,0.000,0.000,0.000,0.144,0.000,0.117,0.764
2804014c,167,0.702,0.744,0.013,0.069,0.000,0.013,0.082,0.672,0.000,0.013,0.013,0.013,0.000,0.013,0.013,0.013,0.000,0.000,0.000,0.000,0.000,0.000,0.234,0.708
2804014d,163,0.769,0.686,0.079,0.094,0.000,0.013,0.013,0.576,0.000,0.013,0.013,0.013,0.000,0.000,0.000,0.013,0.000,0.013,0.013,0.013,0.000,0.000,0.211,0.684
2a001450,2863,0.000,0.000,0.301,0.821,0.000,0.367,0.419,0.994,0.000,0.000,0.000,0.000,0.000,0.000,0.000,0.000,0.000,0.000,0.000,0.000,0.242,0.026,0.553,0.963
2a0104f8,315,0.097,0.439,0.787,0.629,0.819,0.863,0.968,0.984,0.046,0.059,0.079,0.093,0.039,0.041,0.074,0.068,0.055,0.064,0.086,0.106,0.066,0.114,0.161,0.276
2a010e0a,521,0.000,0.104,0.881,0.990,0.987,0.982,0.994,0.000,0.083,0.153,0.167,0.158,0.165,0.164,0.121,0.121,0.121,0.121,0.186,0.183,0.188,0.196,0.200,0.200
2a010e34,1559,0.000,0.496,0.995,0.997,0.991,0.980,0.999,0.002,0.064,0.146,0.160,0.163,0.162,0.161,0.125,0.122,0.126,0.126,0.193,0.206,0.205,0.210,0.212,0.214
2a010e35,2163,0.317,0.652,0.994,0.997,0.997,0.995,0.998,0.006,0.069,0.147,0.160,0.158,0.164,0.161,0.124,0.122,0.124,0.124,0.183,0.203,0.198,0.200,0.200,0.205
2a0206b8,101,0.222,0.020,0.194,0.121,0.243,0.374,0.294,0.483,0.231,0.267,0.311,0.318,0.116,0.068,0.101,0.091,0.334,0.367,0.369,0.683,0.353,0.666,0.851,0.955
2a020c7a,126,0.029,0.000,0.000,0.029,0.387,0.660,0.153,0.714,0.000,0.000,0.000,0.000,0.000,0.000,0.000,0.000,0.000,0.000,0.000,0.000,0.000,0.000,0.240,0.741
2a028400,175,0.000,0.000,0.000,0.031,0.000,0.013,0.376,0.952,0.031,0.031,0.031,0.031,0.031,0.031,0.000,0.000,0.000,0.000,0.000,0.000,0.000,0.000,0.250,0.756
2a032880,249,0.043,0.405,0.490,0.885,0.103,0.284,0.534,0.891,0.000,0.000,0.000,0.000,0.000,0.000,0.000,0.000,0.000,0.000,0.000,0.000,0.469,0.648,0.736,0.698
2a049dc0,153,0.000,0.000,0.465,0.767,0.025,0.716,0.820,0.820,0.000,0.000,0.000,0.000,0.000,0.000,0.000,0.000,0.014,0.014,0.014,0.028,0.014,0.014,0.014,0.039
